1.008310588029679344e+01
9.017902737938403135e+00
8.552676940461948263e+00
7.522730812187931271e+00
7.662518573944476330e+00
7.475330396084892470e+00
7.427761533955869133e+00
6.823360446796450596e+00
6.739247040272807965e+00
6.533361364825346129e+00
6.441362354272976987e+00
6.614014289310548911e+00
6.384208851902740456e+00
6.601223023457382766e+00
6.708708297635146423e+00
5.996857726703557212e+00
6.613552057650330163e+00
6.103977473568773071e+00
6.565642267010810329e+00
6.348464110508610148e+00
6.247924606634419398e+00
6.521462781786242502e+00
5.967606381358531387e+00
5.783474199934273585e+00
5.917036708019846714e+00
6.201040059105719315e+00
6.126405051644606026e+00
5.735500522741370233e+00
6.037659870570409204e+00
6.065768672628032654e+00
6.379154938798219376e+00
6.052295497780087352e+00
5.987427388361415304e+00
6.144124224412871982e+00
5.878444001913917916e+00
6.201447471471415618e+00
6.226411532158395268e+00
5.866033357287053995e+00
5.866055270402077859e+00
6.367674047933449266e+00
5.863575917753660605e+00
6.037918975511122888e+00
5.692769947935951258e+00
5.512107844227038811e+00
6.039811117226677517e+00
5.867238525886914857e+00
6.054422326073373384e+00
6.035406414537190400e+00
6.172991769434865716e+00
6.223711479475107389e+00
6.109764684245164723e+00
5.710350026810397495e+00
5.797332725861228830e+00
5.931825462423613970e+00
6.076669549249451130e+00
5.934683168639565132e+00
5.663223442559605303e+00
5.775584526137392594e+00
6.012891886988782630e+00
5.853675889843175106e+00
5.923422889817256731e+00
5.770639756294592360e+00
5.902191568022212564e+00
6.117663882112593043e+00
6.174166628475470375e+00
5.937374717617957209e+00
5.817875569653109480e+00
5.612087572012117498e+00
5.944050552883996197e+00
5.960479379731643768e+00
5.895102806071445656e+00
5.958310379176529281e+00
5.667810948084102129e+00
5.814599731199572297e+00
5.678891652231214060e+00
5.768598718593400676e+00
5.785125663239462313e+00
6.029845494801933548e+00
6.451027951472390498e+00
6.104363505556023028e+00
5.942446580219784558e+00
5.590990869357021609e+00
5.592661125255232513e+00
5.727661228422898709e+00
5.955533451312438054e+00
6.202456239375327307e+00
5.723519841155142451e+00
5.937328591535906419e+00
5.657173408147620819e+00
5.763653470662445599e+00
6.190580657155534183e+00
5.878208383649539570e+00
5.672732768835564876e+00
6.082420141259210489e+00
6.389854396972403094e+00
5.854920814713575616e+00
5.784430918908267216e+00
6.357274701898909086e+00
5.819062318873314155e+00
6.078363759785680109e+00
